{
 "cells": [
  {
   "cell_type": "code",
   "execution_count": 1,
   "metadata": {
    "collapsed": true
   },
   "outputs": [],
   "source": [
    "import pandas as pd\n",
    "import numpy as np\n",
    "\n"
   ]
  },
  {
   "cell_type": "code",
   "execution_count": 6,
   "metadata": {
    "collapsed": true
   },
   "outputs": [],
   "source": [
    "feats = pd.read_csv('~/capstone_project/data/featurized_data.csv')\n",
    "feats.drop(['player_id','gp','min_tot'], inplace = True, axis = 1)"
   ]
  },
  {
   "cell_type": "code",
   "execution_count": 7,
   "metadata": {
    "collapsed": false
   },
   "outputs": [
    {
     "data": {
      "text/html": [
       "<div>\n",
       "<table border=\"1\" class=\"dataframe\">\n",
       "  <thead>\n",
       "    <tr style=\"text-align: right;\">\n",
       "      <th></th>\n",
       "      <th>dreb_pos</th>\n",
       "      <th>oreb_pos</th>\n",
       "      <th>attempt_RA_pos</th>\n",
       "      <th>attempt_paint_pos</th>\n",
       "      <th>attempt_corner_3_pos</th>\n",
       "      <th>attempt_non_corner_3_pos</th>\n",
       "      <th>attempt_mid_pos</th>\n",
       "      <th>ast_pos</th>\n",
       "      <th>blk_min</th>\n",
       "      <th>fta_pos</th>\n",
       "      <th>stl_min</th>\n",
       "      <th>d_fga_paint_pct</th>\n",
       "      <th>d_fga_perim_pct</th>\n",
       "      <th>d_fga_threes_pct</th>\n",
       "      <th>d_fga_mid_pct</th>\n",
       "    </tr>\n",
       "  </thead>\n",
       "  <tbody>\n",
       "    <tr>\n",
       "      <th>dreb_pos</th>\n",
       "      <td>1.000000</td>\n",
       "      <td>0.594669</td>\n",
       "      <td>0.212851</td>\n",
       "      <td>0.249374</td>\n",
       "      <td>-0.232030</td>\n",
       "      <td>-0.242081</td>\n",
       "      <td>0.027569</td>\n",
       "      <td>-0.122657</td>\n",
       "      <td>0.319647</td>\n",
       "      <td>0.232873</td>\n",
       "      <td>-0.060703</td>\n",
       "      <td>0.360452</td>\n",
       "      <td>-0.298165</td>\n",
       "      <td>-0.343206</td>\n",
       "      <td>0.279984</td>\n",
       "    </tr>\n",
       "    <tr>\n",
       "      <th>oreb_pos</th>\n",
       "      <td>0.594669</td>\n",
       "      <td>1.000000</td>\n",
       "      <td>0.379997</td>\n",
       "      <td>0.230279</td>\n",
       "      <td>-0.344479</td>\n",
       "      <td>-0.399375</td>\n",
       "      <td>-0.094033</td>\n",
       "      <td>-0.236170</td>\n",
       "      <td>0.336010</td>\n",
       "      <td>0.279896</td>\n",
       "      <td>-0.110245</td>\n",
       "      <td>0.354065</td>\n",
       "      <td>-0.280014</td>\n",
       "      <td>-0.434770</td>\n",
       "      <td>0.206802</td>\n",
       "    </tr>\n",
       "    <tr>\n",
       "      <th>attempt_RA_pos</th>\n",
       "      <td>0.212851</td>\n",
       "      <td>0.379997</td>\n",
       "      <td>1.000000</td>\n",
       "      <td>0.269936</td>\n",
       "      <td>-0.324267</td>\n",
       "      <td>-0.190855</td>\n",
       "      <td>-0.119055</td>\n",
       "      <td>0.015145</td>\n",
       "      <td>0.194920</td>\n",
       "      <td>0.363275</td>\n",
       "      <td>0.015986</td>\n",
       "      <td>0.229710</td>\n",
       "      <td>-0.182444</td>\n",
       "      <td>-0.276517</td>\n",
       "      <td>0.047166</td>\n",
       "    </tr>\n",
       "    <tr>\n",
       "      <th>attempt_paint_pos</th>\n",
       "      <td>0.249374</td>\n",
       "      <td>0.230279</td>\n",
       "      <td>0.269936</td>\n",
       "      <td>1.000000</td>\n",
       "      <td>-0.226420</td>\n",
       "      <td>-0.168990</td>\n",
       "      <td>0.256590</td>\n",
       "      <td>0.116784</td>\n",
       "      <td>0.312277</td>\n",
       "      <td>0.314848</td>\n",
       "      <td>0.003812</td>\n",
       "      <td>0.272116</td>\n",
       "      <td>-0.174828</td>\n",
       "      <td>-0.221169</td>\n",
       "      <td>0.221530</td>\n",
       "    </tr>\n",
       "    <tr>\n",
       "      <th>attempt_corner_3_pos</th>\n",
       "      <td>-0.232030</td>\n",
       "      <td>-0.344479</td>\n",
       "      <td>-0.324267</td>\n",
       "      <td>-0.226420</td>\n",
       "      <td>1.000000</td>\n",
       "      <td>0.527025</td>\n",
       "      <td>0.105898</td>\n",
       "      <td>-0.032619</td>\n",
       "      <td>-0.276189</td>\n",
       "      <td>-0.253052</td>\n",
       "      <td>0.066546</td>\n",
       "      <td>-0.259188</td>\n",
       "      <td>0.329392</td>\n",
       "      <td>0.357670</td>\n",
       "      <td>-0.071923</td>\n",
       "    </tr>\n",
       "    <tr>\n",
       "      <th>attempt_non_corner_3_pos</th>\n",
       "      <td>-0.242081</td>\n",
       "      <td>-0.399375</td>\n",
       "      <td>-0.190855</td>\n",
       "      <td>-0.168990</td>\n",
       "      <td>0.527025</td>\n",
       "      <td>1.000000</td>\n",
       "      <td>0.198745</td>\n",
       "      <td>0.243705</td>\n",
       "      <td>-0.363797</td>\n",
       "      <td>-0.118253</td>\n",
       "      <td>0.065740</td>\n",
       "      <td>-0.315653</td>\n",
       "      <td>0.417638</td>\n",
       "      <td>0.417188</td>\n",
       "      <td>-0.174846</td>\n",
       "    </tr>\n",
       "    <tr>\n",
       "      <th>attempt_mid_pos</th>\n",
       "      <td>0.027569</td>\n",
       "      <td>-0.094033</td>\n",
       "      <td>-0.119055</td>\n",
       "      <td>0.256590</td>\n",
       "      <td>0.105898</td>\n",
       "      <td>0.198745</td>\n",
       "      <td>1.000000</td>\n",
       "      <td>0.155245</td>\n",
       "      <td>-0.071543</td>\n",
       "      <td>0.138571</td>\n",
       "      <td>0.118684</td>\n",
       "      <td>-0.024526</td>\n",
       "      <td>0.171287</td>\n",
       "      <td>0.193537</td>\n",
       "      <td>-0.035182</td>\n",
       "    </tr>\n",
       "    <tr>\n",
       "      <th>ast_pos</th>\n",
       "      <td>-0.122657</td>\n",
       "      <td>-0.236170</td>\n",
       "      <td>0.015145</td>\n",
       "      <td>0.116784</td>\n",
       "      <td>-0.032619</td>\n",
       "      <td>0.243705</td>\n",
       "      <td>0.155245</td>\n",
       "      <td>1.000000</td>\n",
       "      <td>-0.325712</td>\n",
       "      <td>0.123601</td>\n",
       "      <td>0.304607</td>\n",
       "      <td>-0.326770</td>\n",
       "      <td>0.439447</td>\n",
       "      <td>0.379811</td>\n",
       "      <td>0.006033</td>\n",
       "    </tr>\n",
       "    <tr>\n",
       "      <th>blk_min</th>\n",
       "      <td>0.319647</td>\n",
       "      <td>0.336010</td>\n",
       "      <td>0.194920</td>\n",
       "      <td>0.312277</td>\n",
       "      <td>-0.276189</td>\n",
       "      <td>-0.363797</td>\n",
       "      <td>-0.071543</td>\n",
       "      <td>-0.325712</td>\n",
       "      <td>1.000000</td>\n",
       "      <td>0.183231</td>\n",
       "      <td>-0.079976</td>\n",
       "      <td>0.480831</td>\n",
       "      <td>-0.404089</td>\n",
       "      <td>-0.441465</td>\n",
       "      <td>0.153283</td>\n",
       "    </tr>\n",
       "    <tr>\n",
       "      <th>fta_pos</th>\n",
       "      <td>0.232873</td>\n",
       "      <td>0.279896</td>\n",
       "      <td>0.363275</td>\n",
       "      <td>0.314848</td>\n",
       "      <td>-0.253052</td>\n",
       "      <td>-0.118253</td>\n",
       "      <td>0.138571</td>\n",
       "      <td>0.123601</td>\n",
       "      <td>0.183231</td>\n",
       "      <td>1.000000</td>\n",
       "      <td>0.109827</td>\n",
       "      <td>0.238993</td>\n",
       "      <td>-0.049082</td>\n",
       "      <td>-0.084975</td>\n",
       "      <td>0.139649</td>\n",
       "    </tr>\n",
       "    <tr>\n",
       "      <th>stl_min</th>\n",
       "      <td>-0.060703</td>\n",
       "      <td>-0.110245</td>\n",
       "      <td>0.015986</td>\n",
       "      <td>0.003812</td>\n",
       "      <td>0.066546</td>\n",
       "      <td>0.065740</td>\n",
       "      <td>0.118684</td>\n",
       "      <td>0.304607</td>\n",
       "      <td>-0.079976</td>\n",
       "      <td>0.109827</td>\n",
       "      <td>1.000000</td>\n",
       "      <td>-0.024654</td>\n",
       "      <td>0.167924</td>\n",
       "      <td>0.173041</td>\n",
       "      <td>0.076634</td>\n",
       "    </tr>\n",
       "    <tr>\n",
       "      <th>d_fga_paint_pct</th>\n",
       "      <td>0.360452</td>\n",
       "      <td>0.354065</td>\n",
       "      <td>0.229710</td>\n",
       "      <td>0.272116</td>\n",
       "      <td>-0.259188</td>\n",
       "      <td>-0.315653</td>\n",
       "      <td>-0.024526</td>\n",
       "      <td>-0.326770</td>\n",
       "      <td>0.480831</td>\n",
       "      <td>0.238993</td>\n",
       "      <td>-0.024654</td>\n",
       "      <td>1.000000</td>\n",
       "      <td>-0.580106</td>\n",
       "      <td>-0.526800</td>\n",
       "      <td>0.342748</td>\n",
       "    </tr>\n",
       "    <tr>\n",
       "      <th>d_fga_perim_pct</th>\n",
       "      <td>-0.298165</td>\n",
       "      <td>-0.280014</td>\n",
       "      <td>-0.182444</td>\n",
       "      <td>-0.174828</td>\n",
       "      <td>0.329392</td>\n",
       "      <td>0.417638</td>\n",
       "      <td>0.171287</td>\n",
       "      <td>0.439447</td>\n",
       "      <td>-0.404089</td>\n",
       "      <td>-0.049082</td>\n",
       "      <td>0.167924</td>\n",
       "      <td>-0.580106</td>\n",
       "      <td>1.000000</td>\n",
       "      <td>0.865005</td>\n",
       "      <td>-0.220209</td>\n",
       "    </tr>\n",
       "    <tr>\n",
       "      <th>d_fga_threes_pct</th>\n",
       "      <td>-0.343206</td>\n",
       "      <td>-0.434770</td>\n",
       "      <td>-0.276517</td>\n",
       "      <td>-0.221169</td>\n",
       "      <td>0.357670</td>\n",
       "      <td>0.417188</td>\n",
       "      <td>0.193537</td>\n",
       "      <td>0.379811</td>\n",
       "      <td>-0.441465</td>\n",
       "      <td>-0.084975</td>\n",
       "      <td>0.173041</td>\n",
       "      <td>-0.526800</td>\n",
       "      <td>0.865005</td>\n",
       "      <td>1.000000</td>\n",
       "      <td>-0.248599</td>\n",
       "    </tr>\n",
       "    <tr>\n",
       "      <th>d_fga_mid_pct</th>\n",
       "      <td>0.279984</td>\n",
       "      <td>0.206802</td>\n",
       "      <td>0.047166</td>\n",
       "      <td>0.221530</td>\n",
       "      <td>-0.071923</td>\n",
       "      <td>-0.174846</td>\n",
       "      <td>-0.035182</td>\n",
       "      <td>0.006033</td>\n",
       "      <td>0.153283</td>\n",
       "      <td>0.139649</td>\n",
       "      <td>0.076634</td>\n",
       "      <td>0.342748</td>\n",
       "      <td>-0.220209</td>\n",
       "      <td>-0.248599</td>\n",
       "      <td>1.000000</td>\n",
       "    </tr>\n",
       "  </tbody>\n",
       "</table>\n",
       "</div>"
      ],
      "text/plain": [
       "                          dreb_pos  oreb_pos  attempt_RA_pos  \\\n",
       "dreb_pos                  1.000000  0.594669        0.212851   \n",
       "oreb_pos                  0.594669  1.000000        0.379997   \n",
       "attempt_RA_pos            0.212851  0.379997        1.000000   \n",
       "attempt_paint_pos         0.249374  0.230279        0.269936   \n",
       "attempt_corner_3_pos     -0.232030 -0.344479       -0.324267   \n",
       "attempt_non_corner_3_pos -0.242081 -0.399375       -0.190855   \n",
       "attempt_mid_pos           0.027569 -0.094033       -0.119055   \n",
       "ast_pos                  -0.122657 -0.236170        0.015145   \n",
       "blk_min                   0.319647  0.336010        0.194920   \n",
       "fta_pos                   0.232873  0.279896        0.363275   \n",
       "stl_min                  -0.060703 -0.110245        0.015986   \n",
       "d_fga_paint_pct           0.360452  0.354065        0.229710   \n",
       "d_fga_perim_pct          -0.298165 -0.280014       -0.182444   \n",
       "d_fga_threes_pct         -0.343206 -0.434770       -0.276517   \n",
       "d_fga_mid_pct             0.279984  0.206802        0.047166   \n",
       "\n",
       "                          attempt_paint_pos  attempt_corner_3_pos  \\\n",
       "dreb_pos                           0.249374             -0.232030   \n",
       "oreb_pos                           0.230279             -0.344479   \n",
       "attempt_RA_pos                     0.269936             -0.324267   \n",
       "attempt_paint_pos                  1.000000             -0.226420   \n",
       "attempt_corner_3_pos              -0.226420              1.000000   \n",
       "attempt_non_corner_3_pos          -0.168990              0.527025   \n",
       "attempt_mid_pos                    0.256590              0.105898   \n",
       "ast_pos                            0.116784             -0.032619   \n",
       "blk_min                            0.312277             -0.276189   \n",
       "fta_pos                            0.314848             -0.253052   \n",
       "stl_min                            0.003812              0.066546   \n",
       "d_fga_paint_pct                    0.272116             -0.259188   \n",
       "d_fga_perim_pct                   -0.174828              0.329392   \n",
       "d_fga_threes_pct                  -0.221169              0.357670   \n",
       "d_fga_mid_pct                      0.221530             -0.071923   \n",
       "\n",
       "                          attempt_non_corner_3_pos  attempt_mid_pos   ast_pos  \\\n",
       "dreb_pos                                 -0.242081         0.027569 -0.122657   \n",
       "oreb_pos                                 -0.399375        -0.094033 -0.236170   \n",
       "attempt_RA_pos                           -0.190855        -0.119055  0.015145   \n",
       "attempt_paint_pos                        -0.168990         0.256590  0.116784   \n",
       "attempt_corner_3_pos                      0.527025         0.105898 -0.032619   \n",
       "attempt_non_corner_3_pos                  1.000000         0.198745  0.243705   \n",
       "attempt_mid_pos                           0.198745         1.000000  0.155245   \n",
       "ast_pos                                   0.243705         0.155245  1.000000   \n",
       "blk_min                                  -0.363797        -0.071543 -0.325712   \n",
       "fta_pos                                  -0.118253         0.138571  0.123601   \n",
       "stl_min                                   0.065740         0.118684  0.304607   \n",
       "d_fga_paint_pct                          -0.315653        -0.024526 -0.326770   \n",
       "d_fga_perim_pct                           0.417638         0.171287  0.439447   \n",
       "d_fga_threes_pct                          0.417188         0.193537  0.379811   \n",
       "d_fga_mid_pct                            -0.174846        -0.035182  0.006033   \n",
       "\n",
       "                           blk_min   fta_pos   stl_min  d_fga_paint_pct  \\\n",
       "dreb_pos                  0.319647  0.232873 -0.060703         0.360452   \n",
       "oreb_pos                  0.336010  0.279896 -0.110245         0.354065   \n",
       "attempt_RA_pos            0.194920  0.363275  0.015986         0.229710   \n",
       "attempt_paint_pos         0.312277  0.314848  0.003812         0.272116   \n",
       "attempt_corner_3_pos     -0.276189 -0.253052  0.066546        -0.259188   \n",
       "attempt_non_corner_3_pos -0.363797 -0.118253  0.065740        -0.315653   \n",
       "attempt_mid_pos          -0.071543  0.138571  0.118684        -0.024526   \n",
       "ast_pos                  -0.325712  0.123601  0.304607        -0.326770   \n",
       "blk_min                   1.000000  0.183231 -0.079976         0.480831   \n",
       "fta_pos                   0.183231  1.000000  0.109827         0.238993   \n",
       "stl_min                  -0.079976  0.109827  1.000000        -0.024654   \n",
       "d_fga_paint_pct           0.480831  0.238993 -0.024654         1.000000   \n",
       "d_fga_perim_pct          -0.404089 -0.049082  0.167924        -0.580106   \n",
       "d_fga_threes_pct         -0.441465 -0.084975  0.173041        -0.526800   \n",
       "d_fga_mid_pct             0.153283  0.139649  0.076634         0.342748   \n",
       "\n",
       "                          d_fga_perim_pct  d_fga_threes_pct  d_fga_mid_pct  \n",
       "dreb_pos                        -0.298165         -0.343206       0.279984  \n",
       "oreb_pos                        -0.280014         -0.434770       0.206802  \n",
       "attempt_RA_pos                  -0.182444         -0.276517       0.047166  \n",
       "attempt_paint_pos               -0.174828         -0.221169       0.221530  \n",
       "attempt_corner_3_pos             0.329392          0.357670      -0.071923  \n",
       "attempt_non_corner_3_pos         0.417638          0.417188      -0.174846  \n",
       "attempt_mid_pos                  0.171287          0.193537      -0.035182  \n",
       "ast_pos                          0.439447          0.379811       0.006033  \n",
       "blk_min                         -0.404089         -0.441465       0.153283  \n",
       "fta_pos                         -0.049082         -0.084975       0.139649  \n",
       "stl_min                          0.167924          0.173041       0.076634  \n",
       "d_fga_paint_pct                 -0.580106         -0.526800       0.342748  \n",
       "d_fga_perim_pct                  1.000000          0.865005      -0.220209  \n",
       "d_fga_threes_pct                 0.865005          1.000000      -0.248599  \n",
       "d_fga_mid_pct                   -0.220209         -0.248599       1.000000  "
      ]
     },
     "execution_count": 7,
     "metadata": {},
     "output_type": "execute_result"
    }
   ],
   "source": [
    "#use count of corr > .3 to determine whether \n",
    "feats.corr()\n"
   ]
  },
  {
   "cell_type": "code",
   "execution_count": null,
   "metadata": {
    "collapsed": false
   },
   "outputs": [],
   "source": [
    "feats.shape"
   ]
  },
  {
   "cell_type": "code",
   "execution_count": null,
   "metadata": {
    "collapsed": true
   },
   "outputs": [],
   "source": []
  }
 ],
 "metadata": {
  "anaconda-cloud": {},
  "kernelspec": {
   "display_name": "Python [Root]",
   "language": "python",
   "name": "Python [Root]"
  },
  "language_info": {
   "codemirror_mode": {
    "name": "ipython",
    "version": 2
   },
   "file_extension": ".py",
   "mimetype": "text/x-python",
   "name": "python",
   "nbconvert_exporter": "python",
   "pygments_lexer": "ipython2",
   "version": "2.7.12"
  }
 },
 "nbformat": 4,
 "nbformat_minor": 0
}
